  100        N. OF ITEMS
  100        W_STRIP
   55   44   H(I),W(I),I=1,...,N
    2   21
   73   15
   89   16
    5   45
   11   59
   29   45
   14   26
   55   58
   74   29
   28   62
    4   12
   26   69
   48   54
   60   23
   83   65
   74    2
   21   89
   47   16
    6    5
   88   12
   16   24
   44   65
   61   90
   91   87
   87   80
   40   24
   71    7
   37   51
   25   13
   58   82
   92   78
   15   59
   50   13
   53   61
   11   60
   49   99
   20  100
   14   18
   53   42
   92   94
   22   31
   63   40
   71   45
   35  100
   78   94
   55   51
   55   25
  100    5
   45   13
   80    5
   27   70
   41   31
   12   42
   61   92
   43    4
   49   34
  100   70
   51   34
   92   82
   45    3
   65   19
   41   86
   95   92
   84   60
   95   46
   52   37
    9   57
   56   61
   14   38
   40   10
   22   33
   83   95
   77   19
   94   60
   57    8
   20   83
   72   43
   37   76
   68    4
   56   82
   22  100
   23   80
   46   77
   14   80
   83   12
   41   28
   11   16
   49  100
   42   34
   15    8
   21   43
   50   96
   24   55
   98   43
   63   14
   39   59
   82   98
   81   88
   59   18

