110	Número de elementos
12	Pesos
3
9
4
11
16
7
17
1
13
6
4
7
15
2
22
14
16
6
8
3
17
6
10
18
2	
1
9
4
11
6
7
7
1
13
6
4
7
15
2
26
14
1
8
18
13
7
8
10
25
13
7
9
4
11
6
7
7
11
13
1
4
7
15
2
21
14
16
8
8
3
17
8
11
15
2	
3
16
4
11
6
7
7
1
13
8
4
7
15
2
13
14
36
8
2
3
19
8
24
3
11
32
1
4
7
12
5
5
11
10

20	Número de Subconjuntos
25	Pesos Objetivos
42
47
36
12
51
29
31
43	
32
41
27
22
65
9
33
17
43
12
26
