1000    Número de elementos
148     Pesos
165
313
266
238
184
248
139
183
230
292
180
267
244
181
262
216
172
255
254
146
240
163
227
316
140
194
298
276
265
270
160
151
255
272
200
206
247
268
224
316
197
300
143
254
287
128
209
233
265
179
224
200
233
329
160
247
139
305
336
333
236
253
200
163
327
354
263
325
318
135
311
224
323
354
215
359
125
212
226
333
254
326
159
253
217
282
276
147
256
234
202
215
257
338
320
223
189
172
255
168
272
235
268
244
327
376
280
205
340
273
314
171
235
145
330
190
292
185
181
253
262
354
340
223
226
238
234
158
164
209
271
223
219
239
221
273
370
221
346
333
224
227
140
188
273
177
221
151
263
138
182
162
248
173
244
263
229
237
172
200
289
175
128
288
165
251
132
337
266
231
171
250
152
249
241
386
263
175
221
256
259
187
148
212
384
167
270
223
220
264
283
271
256
160
345
186
217
298
281
226
264
245
262
277
128
276
342
188
187
242
167
134
222
244
265
234
192
283
213
238
246
260
254
147
196
145
303
365
165
197
326
236
259
237
165
182
128
334
163
191
237
220
201
250
249
321
316
173
219
202
236
147
259
376
264
149
361
275
127
315
249
162
165
184
181
171
284
173
266
260
279
204
205
256
237
232
240
242
180
283
226
197
289
247
187
287
253
192
314
174
273
142
143
324
211
201
151
129
333
341
250
313
179
208
147
201
262
246
320
265
231
238
148
157
216
232
266
254
228
246
256
193
164
242
314
217
284
133
294
262
251
206
305
259
245
270
251
269
169
294
175
299
252
152
213
326
272
208
288
140
351
258
387
253
133
190
250
285
142
270
308
337
231
313
210
325
262
324
186
263
235
331
135
257
141
146
157
261
159
229
248
129
197
160
277
304
263
136
295
359
179
203
235
170
332
131
185
275
180
224
195
154
267
175
212
268
290
254
300
292
252
265
327
227
202
143
232
259
189
261
204
356
155
190
158
184
220
229
234
139
263
176
294
268
230
199
170
210
226
304
245
203
234
336
154
167
239
239
203
340
361
259
221
276
168
206
264
150
157
263
173
133
167
359
281
202
297
199
201
159
147
293
329
318
289
289
273
244
275
383
159
216
196
141
273
260
314
252
355
245
156
211
133
285
281
208
244
187
241
263
271
153
204
380
340
132
172
276
187
234
192
188
268
163
234
228
237
217
307
161
237
146
215
253
290
223
208
322
200
206
172
271
155
286
273
253
133
304
170
259
275
278
165
327
354
125
271
188
303
258
243
250
236
195
244
299
204
194
223
264
195
221
229
208
326
218
169
244
235
195
275
270
276
166
282
134
157
277
275
272
260
272
324
152
338
317
283
277
163
194
234
252
247
294
264
283
232
196
232
174
227
346
324
291
274
277
131
268
348
205
165
196
165
167
190
260
350
254
207
236
145
225
225
328
245
170
137
296
330
233
344
142
207
173
149
301
147
140
280
154
244
213
249
216
360
213
237
280
188
237
370
135
207
185
254
213
234
200
249
254
235
231
199
369
274
153
233
179
300
242
205
171
287
217
316
149
352
233
343
330
296
243
282
247
225
177
330
240
261
159
284
205
303
174
179
132
356
250
181
263
237
237
251
217
189
204
271
126
247
251
337
276
206
225
174
284
166
139
162
237
247
149
178
239
233
168
220
166
182
305
195
302
141
307
351
153
247
217
202
240
237
315
179
388
182
170
331
214
232
144
219
217
253
199
277
218
253
277
238
276
248
173
129
286
247
364
146
271
201
179
187
173
146
259
224
362
341
223
150
268
184
198
213
149
160
221
233
185
304
268
273
269
136
224
155
241
143
226
309
202
159
251
137
256
252
219
150
373
193
240
160
196
138
241
227
166
158
200
235
179
311
207
278
198
126
301
166
144
272
253
234
264
275
147
339
263
195
304
219
148
188
142
229
345
235
238
261
210
239
142
285
267
239
211
314
227
233
129
169
131
188
128
188
216
200
305
310
289
247
150
243
201
199
333
340
164
275
126
260
260
291
217
255
169
245
199
221
249
372
185
270
154
127
208
192
273
176
270
170
199
295
289
228
318
215
331
247
325
255
255
202
219
232
339
206
170
199
266
283
214
163
225
255
278
253
253
225
131
254
273
135
239
140
346
231
200
327
145
243
169
166
197
246
221
153
191
308
202
276
181
164
272
127
228
299
216
156
354
223
248
126
260
179
279
227
197
225
172
279
280
198
255
255
196
183
250
255
327
337
235
133
149
267
179
326
206
273
151
266
195
264
362
142
241
299
191
250
140
182

150    Número de Subconjuntos
1514    Pesos Objetivos
2242
2851
3012
3601
1336
2765
1399
2149
2912
2300
1437
2774
2970
2165
3202
3740
2383
2467
679
1455
1951
1977
1885
2358
2566
1299
1936
3277
3613
2448
2117
2308
2202
3743
2161
2672
1949
3841
1923
1390
1741
2355
758
2538
1640
2761
3495
3421
3046
2557
1357
2561
2511
2818
1935
3221
2140
2974
2145
2680
2270
2857
1491
1211
2784
1349
3115
2046
3851
2682
2541
2340
1657
2613
674
934
638
804
558
473
958
804
1989
997
432
309
1286
212
185
562
519
493
647
523
625
133
277
205
2116
1245
327
488
379
164
10
452
10
1004
1242
854
1739
569
698
925
792
647
1128
1296
1082
653
1080
1070
802
571
1094
233
1410
724
295
353
1245
1166
1085
584
832
756
208
521
571
430
10
785
1336
1028
661
1117
346
554
852