300    Número de elementos
22     Pesos
3
8
25
15
20
24
16
21
7
14
25
16
13
18
21
12
8
5
14
20
13
18
24
13
12
20
4
12
19
7
21
14
16
25
24
25
3
8
13
12
4
9
10
22
22
8
14
24
19
23
15
14
12
23
11
10
10
15
6
25
23
7
5
3
19
13
25
13
19
21
12
3
18
4
19
7
11
4
16
6
9
5
19
21
18
9
5
19
16
16
17
13
5
13
15
23
6
9
6
11
9
3
7
23
14
14
22
11
7
7
25
8
24
25
19
20
14
10
11
12
11
9
23
5
7
24
24
7
14
21
3
4
24
8
23
9
24
21
9
6
12
20
15
12
17
12
14
5
20
21
11
22
24
19
25
25
6
4
19
16
16
17
22
11
6
24
10
19
5
13
21
18
3
7
25
17
19
13
14
20
12
21
13
19
13
7
5
7
8
23
5
23
4
19
16
21
23
6
9
18
4
21
3
10
25
18
22
20
20
11
9
18
15
24
6
20
7
6
24
25
22
5
13
7
10
24
17
9
17
7
19
15
7
22
18
17
21
5
19
20
10
11
13
23
17
12
10
5
16
21
17
20
8
9
22
25
10
21
3
4
4
15
5
15
17
19
14
19
8
14
24
4
13
7
17
13
18
16
16
23
16
14
19
21
16
25
10
23
25
19
9
3
5
17
18
21
8
23
8

20    Número de Subconjuntos
240    Pesos Objetivos
168
183
216
220
233
253
212
214
220
238
233
195
191
240
279
265
188
166
187