2000    Número de elementos
217     Pesos
74
261
130
222
25
100
177
217
104
213
221
39
216
252
214
28
96
203
110
249
214
244
141
138
65
116
142
257
227
50
155
244
241
259
63
149
83
239
38
212
258
282
41
51
191
72
81
271
71
177
52
294
213
115
263
251
255
253
37
236
257
200
242
165
108
104
37
115
100
160
138
216
108
65
76
225
271
241
175
80
41
210
240
52
141
169
271
99
84
146
88
118
183
25
124
122
30
145
144
193
127
131
212
30
104
123
219
77
236
41
67
255
63
29
34
34
72
157
117
135
163
97
234
111
89
234
38
214
111
75
66
224
254
71
230
157
39
207
160
232
246
156
207
87
135
163
240
165
213
140
142
192
270
243
52
153
250
245
222
192
148
241
206
295
136
238
113
170
59
42
242
122
176
246
138
276
203
64
108
70
236
65
229
151
47
197
144
55
212
74
208
131
229
156
104
147
45
264
272
163
218
37
80
124
65
277
68
256
139
122
256
67
157
154
72
171
179
131
257
161
225
205
183
212
224
255
159
248
220
250
46
106
228
126
217
249
202
53
130
211
47
190
55
231
161
131
274
257
282
276
73
165
39
138
111
122
134
205
57
63
172
222
150
220
34
141
37
262
103
75
92
214
149
236
40
270
94
287
165
71
223
37
237
268
84
227
195
132
266
132
92
171
276
178
246
147
215
174
40
89
35
260
108
43
82
98
189
63
113
204
94
253
75
76
82
189
107
147
189
188
250
274
255
253
218
179
160
68
50
150
87
171
234
244
182
195
268
249
273
199
46
205
120
265
69
126
179
205
210
276
119
178
169
162
62
267
33
165
166
212
161
51
88
55
265
80
285
178
39
104
41
147
137
31
247
176
101
189
253
162
105
26
173
134
260
213
195
258
247
132
102
128
255
218
242
214
162
65
132
205
212
173
150
36
194
273
200
227
111
53
94
69
185
131
204
167
204
63
224
185
102
251
32
221
91
235
86
27
53
176
47
130
119
190
146
270
96
225
256
84
225
220
263
188
38
112
239
180
158
218
262
240
162
39
249
158
77
274
261
168
169
139
287
81
225
101
216
245
160
150
236
121
112
259
190
99
191
164
181
255
26
207
137
66
54
172
83
269
173
166
203
271
180
284
165
170
149
70
263
234
202
188
172
91
149
119
160
49
257
244
186
234
213
52
48
184
156
83
230
40
54
187
242
116
92
186
76
266
243
210
227
184
85
181
123
168
148
134
237
189
187
79
128
208
110
225
99
30
233
159
102
218
227
82
43
139
219
139
125
239
65
273
213
52
88
143
154
199
103
162
135
283
167
91
203
217
217
146
268
131
133
253
185
187
184
36
230
268
54
118
272
236
171
29
139
28
187
202
175
229
65
160
203
248
226
204
201
197
60
259
134
74
75
53
64
216
191
189
58
55
228
211
174
62
272
130
190
222
200
160
262
166
72
276
196
141
203
269
231
75
39
113
132
179
267
28
268
277
265
128
159
207
123
127
264
178
229
189
154
246
269
43
256
98
208
154
218
81
103
70
75
118
33
226
202
26
235
127
182
60
275
109
189
78
101
128
32
67
193
277
144
67
71
171
173
71
189
198
157
260
237
165
174
102
37
183
250
180
39
202
264
50
132
61
256
159
247
42
218
115
78
191
110
32
36
156
67
66
281
278
62
269
127
275
80
157
186
133
167
77
238
174
161
251
67
153
119
96
269
84
60
74
160
149
206
142
228
167
247
106
79
261
80
48
229
226
270
248
221
169
262
233
191
255
213
161
137
144
58
186
90
190
31
111
191
67
126
55
215
69
140
247
98
136
197
149
146
112
100
96
141
156
54
282
76
78
73
208
64
270
182
235
52
224
101
275
137
106
171
259
139
96
255
240
35
277
222
109
158
42
46
141
273
120
172
280
107
158
194
179
185
67
160
45
270
242
99
173
141
103
243
237
63
183
187
166
237
237
242
125
183
43
155
26
131
121
171
130
255
214
110
52
188
32
159
162
186
279
222
277
148
141
258
135
125
242
158
254
245
222
248
236
262
246
145
77
46
209
234
178
237
40
214
116
68
118
56
237
183
258
209
125
185
92
192
63
233
44
148
210
242
147
34
78
32
194
203
29
264
277
267
132
249
44
102
140
46
263
69
56
31
141
188
152
210
253
40
120
111
221
290
187
267
124
172
133
132
61
205
271
65
277
69
174
101
47
113
267
51
193
30
193
265
72
51
274
52
85
145
171
102
247
66
178
102
60
109
81
196
220
139
116
56
258
81
63
244
195
173
197
111
197
248
229
197
66
89
57
200
272
160
76
249
264
94
221
124
186
151
65
163
237
167
189
271
110
280
34
219
238
244
208
39
147
257
137
258
268
158
107
46
146
123
202
269
236
174
68
141
109
190
207
244
61
172
58
109
28
227
171
269
82
170
223
91
42
67
80
233
119
203
89
64
192
171
161
238
77
94
246
175
62
153
198
174
251
261
67
176
139
212
247
132
105
275
288
67
71
113
48
226
274
37
146
122
139
128
274
91
233
109
26
46
165
169
244
43
135
92
200
89
154
272
259
185
271
274
285
195
65
156
258
124
106
111
57
126
246
192
178
140
101
283
119
171
234
155
262
92
43
93
108
97
238
144
39
64
135
162
65
213
263
124
188
222
188
66
200
171
28
31
257
159
51
182
53
44
122
203
104
230
172
140
95
68
65
212
132
240
228
31
200
116
250
201
222
25
259
84
74
127
74
143
105
84
227
196
111
142
158
136
97
178
212
215
168
158
107
60
119
100
185
276
63
248
45
79
228
274
280
209
219
93
85
129
220
76
239
208
251
160
47
195
122
253
108
258
209
59
87
259
167
178
272
212
283
177
182
278
246
231
79
149
156
165
236
99
87
60
134
281
229
140
275
111
177
54
106
266
261
200
149
213
34
115
263
280
219
223
100
63
144
28
36
54
264
102
41
200
276
131
243
182
286
138
254
261
253
80
234
88
226
196
94
169
133
155
221
170
172
235
40
236
221
175
52
74
129
262
268
169
28
246
258
176
31
227
194
155
267
83
81
225
228
148
170
152
64
51
109
138
277
64
196
148
137
230
228
80
134
143
182
259
233
91
212
28
111
59
192
130
250
118
117
36
202
58
213
83
53
292
295
132
97
276
250
130
185
147
167
79
135
147
239
71
123
124
211
207
72
98
243
140
247
196
254
107
115
168
30
51
252
218
85
152
73
269
90
156
162
244
125
269
242
61
201
171
193
184
178
43
250
267
100
152
166
110
249
182
134
78
183
38
253
166
47
96
168
221
175
168
150
121
207
182
168
48
51
189
251
224
146
214
244
148
214
187
132
167
191
147
142
202
271
194
228
206
48
238
52
99
118
143
111
246
184
262
140
37
125
245
254
204
213
174
199
216
124
144
92
215
122
195
217
166
27
179
187
188
180
256
65
82
153
188
145
102
131
178
102
121
243
172
27
227
171
255
69
46
96
164
139
159
50
156
122
231
55
104
150
247
188
144
268
143
104
118
222
194
148
136
105
193
171
214
180
50
266
229
256
107
146
73
184
179
151
110
64
190
189
175
77
135
162
264
104
287
270
86
53
135
45
116
128
32
124
156
65
206
184
150
208
129
133
36
202
86
228
233
168
132
220
57
160
185
185
276
177
113
231
227
261
207
226
78
207
176
115
249
228
210
219
77
82
184
162
118
241
106
250
249
99
158
79
170
45
70
247
190
54
171
46
119
176
247
145
196
27
38
142
62
167
241
107
220
139
206
262
68
135
273
133
64
157
40
179
211
246
29
109
195
63
102
57
219
156
219
66
84
34
128
38
84
120
255
204
208
233
41
249
268
161
212
251
193
173
249
53
204
171
248
35
110
67
202
243
173
28
157
87
55
102
47
32
184
269
206
215
165
211
179
61
146
288
144
132
92
59
231
248
130
193
234
84
215
263
26
160
160
33
268
280
168
209
94
178
76
61
162
204
87
85
115
198
85
203
232
30
236
64
76
203
118
131
115
33
112
130
210
117
166
139
273
196
211
214
255
207
124
45
200
116
29
33
242
86
163
50
209
226
229
130
149
261
96
54
166
181
211
57
193
158
146
123
252
276
119
208
118
125
140
223
241
42
104
174
270
190
198
266
26
103
101
67
224
231
185
66
85
37
171
95
139
33
85
266
197
54
166
141
158
86
256
213
187
146
201
136
141
225
49
266
58
260
102
119
195
178
218
238
191
144
196
229
52
55
164
93
56
109
51
142
255
49
154
85
262
178
88
102
116
80
60
65
227
209
25
219
204
223
93
212
223
239
237
154
28
113
134
77
178
124
201
87
135
273
51
28
120
32
212
88
244
263
147
138
93
51
74
132
207
129
83
207
210
252
77
132
150
238
32
94
163
175
83
237
119
182
75
140
224
192
155
156
50
122
178
130
277
30
59
94
228
271
82
57
265
247
57
161
209
288
29
253
46
201
122
143
119
239
90
191
161
79
57
92
48
248
179
87
258
237
197
145
269
209
116
271
147
80
190
220
31
189
79
53
59
138
189

250    Número de Subconjuntos
2542    Pesos Objetivos
1347
1756
1295
1646
1109
2375
834
1577
1445
485
961
1502
2223
1996
1315
1644
1218
2151
2332
1092
1573
686
1710
2352
2227
3059
1517
1165
2148
1558
1269
2310
2348
2105
1631
1762
1522
1265
2007
2502
3249
2267
2482
1442
1479
2052
1880
1456
1818
2191
2565
2583
2250
1807
2509
2050
3271
2468
2496
2490
2086
1344
365
2243
1432
557
2171
3186
2396
2584
1213
1483
2160
1389
1741
2332
1851
2623
1321
1359
2045
1702
2183
1610
1052
1938
2240
2142
2722
3407
1327
2125
2017
1780
1301
2641
1988
2601
1865
1659
1177
2430
2508
1521
2288
1615
2594
2267
3125
2187
1980
869
2045
2721
1703
1823
2299
2285
3717
2567
937
3102
2031
2370
824
753
1069
60
760
407
245
675
400
790
10
676
1107
1142
828
828
761
581
518
1209
476
1192
125
73
1090
394
490
113
1036
380
602
866
935
10
829
1006
299
987
407
881
245
687
266
347
169
149
391
234
458
913
279
462
390
492
696
564
399
682
793
763
758
636
263
853
980
346
541
258
827
465
592
147
903
40
735
341
629
665
367
612
590
410
321
658
455
1148
667
546
585
644
355
1026
677
848
217
653
79
10
849
1190
767
382
774
320
455
677
687
314
791
327
671
578
772
1111
987
589
223
464
388
67
864
209
513
1023
136
