  100        N. OF ITEMS
  100        WBIN
   48   46   H(I),W(I),I=1,...,N
   78    8
   46    9
   49   41
   22   25
   33    3
   75   93
   68   91
    7   15
    8    9
   17   40
   66    4
    4   18
   46   26
   20   48
   94   77
   13   32
   45    6
   34   18
   49   12
   34    7
    6   98
   11   49
   76    9
   16   96
   29   49
   49   43
   44   18
   10   43
   13   14
   48   98
   34   38
   15    4
    9   40
   10   75
   90   20
   32   26
   77   27
   82   92
   49   13
   11   10
   36   27
   17   32
   25   18
    1    6
   16   38
   13   33
   11   35
   53   62
    9   11
   71   96
   10   14
   67   82
   13   97
   41   21
   20   68
   43   13
   29   41
   22    7
   41    6
   30    5
    7   49
   65   55
   25   19
   29    9
   46   18
   20   76
   20   45
   39   25
   47   49
   91   37
   27   87
   11    2
   72   42
   14   20
   45   30
   97   41
   34   46
    4   15
   25   40
   41   41
   19   12
    5   21
   17   12
   48    4
   17   40
   18   39
   20   45
   17   28
   26   29
   43   19
   35   41
   98   13
   47   86
   29   10
   73   48
   39   10
   30   43
   27   75
  100   16
