  100        N. OF ITEMS
  100        WBIN
   47   76   H(I),W(I),I=1,...,N
   71   71
    1   67
   59   52
    1   49
   17   13
   27   33
   88   32
   88   65
   51   20
   30   21
   16   22
   30   13
   28   16
   99   86
   65   12
   82   17
   39   55
   57   17
   92   23
   34   30
    4   27
   58   36
   84   11
    6   43
   79   54
   91   98
   65   65
   56   78
   54   91
   80   93
   89    8
   72   89
   50   27
   78   44
   46   94
   76   67
   23   85
   76    4
   58   12
   24   33
   62   20
   96   64
   80   86
    4   42
   90   21
   92   45
    2   70
   39   84
   61   10
   55    3
   44   53
   85   81
   64   42
    6   27
   64   57
   29   88
   23    8
  100   40
   50   39
   95   94
   91   28
   27   96
   24   86
   39   22
   59   58
    9   84
   42   22
   48   27
   49   88
    1   28
   92    1
   45   98
   15   39
   92   81
   97   13
   86   57
   48   67
    5   34
   13   80
   60   59
   69   61
   95    9
   27   57
   88   94
   33   44
   51   60
   63   33
   27   84
   30   70
   95   78
   77   31
   65   85
   82   28
   82   83
   56    6
   24   85
   44   42
    2   33
   23   47

