  100        N. OF ITEMS
  100        WBIN
   24   21   H(I),W(I),I=1,...,N
    3    4
   26   12
   12   41
    5   70
   24   69
   62   54
   40   48
   48    5
    8   19
   12    9
   29   18
    3   15
    3   96
   22   24
   30   49
   19   36
   10   31
   44   66
   42   41
   47   20
   28   86
   28   40
   77   46
   87   64
    8   40
   82   41
    2   73
   38   80
   50   12
   31   67
  100   89
    1   92
   52   95
  100   27
    9   29
   75   68
   18   40
   30   13
   30   30
   12   10
   45   47
   22   72
   62   92
   10   13
   33   16
   26   19
    7   17
   20   28
   33   46
   41   40
   13    3
   41    4
   97   38
   78   22
   80   50
   24   43
   19   41
    7   16
   10   72
   19   42
    4    7
    8   22
  100   31
   25    4
   50   33
   20   39
    3   14
   43   27
    9   22
   44   18
   17    8
   23   12
   29   81
   29   71
   43   14
   14    8
   10   34
   26   11
   31   32
   77   16
    4    8
   35   25
   30   11
   87   36
    9   43
    6   50
   41    2
    8   17
   26   40
   92   37
   13    5
   46   10
    4   48
   32   36
   48   19
   45   15
   44   18
   37   47
   43   97
