  100        N. OF ITEMS
  100        WBIN
   74   71   H(I),W(I),I=1,...,N
   75   26
   48   48
   17   27
   36   84
   95   75
   16   89
   53   48
   98    8
   70   57
   27   18
   56   47
   80   31
   55   94
   70   91
   47   11
   40   76
   40   41
   69   96
   81   63
   66   97
   46   87
   77   56
   48   59
   80   85
   30   55
   85   27
   70   88
   38   60
   79  100
   15   96
    2   71
   28   80
   16   11
   21   88
   33   65
   73   31
   97   10
   94   56
   86   58
   28   38
   11   53
   55   90
   16   72
   83   55
   79   28
   59   12
   12   64
   59   72
   58   58
   96   78
   96   21
   13   10
   36   98
   88   77
   23   67
   32   24
   35   38
   90   30
   83   56
   39    5
   12   99
   91   94
   99   78
   90   74
   54   37
   14   57
   24   55
   74   87
   85   42
   14   42
   49   42
   12   32
   59   34
   80    3
   95   28
   61   32
   66   70
   33   31
   18   36
    9   43
   28   39
   31   46
    7   21
   78   52
  100   62
   61    6
   84   72
   25   84
   71   96
   46   97
    5   11
   37   92
   64   29
   42   44
   59   94
   38   66
   34   83
   37    1
   67    9
